2015100623:22:02 25.00,39.55,3285,654
2015100623:22:05 25.06,39.49,3295,650
2015100623:22:07 25.06,39.52,3296,654
2015100623:22:09 25.02,39.35,3296,650
2015100623:22:12 25.01,39.28,3285,650
2015100623:22:14 25.02,39.49,3296,650
2015100623:22:28 24.97,39.68,3285,650
2015100623:22:30 24.97,39.79,3295,654
2015100623:22:32 24.98,39.86,3296,654
2015100623:22:35 24.96,39.82,3300,654
2015100623:22:37 24.95,39.82,3328,881
2015100623:22:39 24.98,39.96,3328,644
2015100623:22:42 24.99,40.06,3296,676
2015100623:22:44 25.00,40.23,3300,671
2015100623:22:46 25.04,40.13,3300,671
2015100623:22:48 25.10,40.00,3296,644
2015100623:22:51 25.13,39.77,3295,644
2015100623:22:53 25.14,39.77,3291,644
2015100623:22:55 25.16,39.64,3291,644
2015100623:22:58 25.14,39.46,3285,644
2015100623:23:00 25.08,39.12,3296,640
2015100623:23:02 25.06,38.95,3295,640
2015100623:23:05 25.06,39.15,3295,640
2015100623:23:07 25.06,39.46,3295,640
2015100623:23:09 25.06,39.59,3296,640
2015100623:23:11 25.06,39.69,3300,639
2015100623:23:14 25.03,39.69,3295,639
2015100623:23:16 25.03,39.69,3296,639
2015100623:23:18 25.07,39.63,3296,639
2015100623:23:21 25.12,39.56,3310,639
2015100623:23:23 25.12,39.56,3306,635
2015100623:23:25 25.13,39.57,3295,635
2015100623:23:28 25.14,39.50,3296,635
2015100623:23:30 25.14,39.40,3296,635
2015100623:23:32 25.15,39.19,3296,635
2015100623:23:34 25.18,39.16,3296,635
2015100623:23:37 25.18,39.13,3300,635
2015100623:23:39 25.18,39.23,3291,629
2015100623:23:41 25.18,39.16,3295,629
2015100623:23:44 25.17,39.09,3300,635
2015100623:23:46 25.16,39.19,3296,629
2015100623:23:48 25.15,39.09,3296,629
2015100623:23:51 25.12,38.88,3300,629
2015100623:23:53 25.09,38.95,3296,625
2015100623:23:55 25.07,39.29,3295,625
2015100623:23:57 25.06,39.49,3295,625
2015100623:24:00 25.06,39.63,3295,629
2015100623:24:02 25.06,39.66,3296,629
2015100623:24:04 25.09,39.49,3296,629
2015100623:24:07 25.09,39.36,3295,629
2015100623:24:09 25.11,39.39,3296,625
2015100623:24:11 25.12,39.56,3296,629
2015100623:24:14 25.12,39.56,3291,625
2015100623:24:16 25.11,39.46,3291,629
2015100623:24:18 25.10,39.29,3296,629
2015100623:24:20 25.09,39.26,3291,629
2015100623:24:23 25.07,39.19,3295,629
2015100623:24:25 25.06,39.01,3295,629
2015100623:24:27 25.08,39.08,3296,629
2015100623:24:30 25.07,39.15,3296,629
2015100623:24:32 25.05,39.29,3291,629
2015100623:24:34 25.04,39.32,3291,629
2015100623:24:41 24.99,39.35,3296,629
2015100623:24:43 24.95,39.34,3296,629
2015100623:24:45 24.93,39.34,3306,629
2015100623:24:48 24.91,39.27,3300,629
2015100623:24:50 24.91,39.20,3295,625
2015100623:24:52 24.92,39.14,3300,625
2015100623:24:55 24.93,39.54,3296,622
2015100623:24:57 24.92,39.61,3296,625
2015100623:24:59 24.90,39.58,3296,625
2015100623:25:01 24.93,39.54,3296,625
2015100623:25:04 24.94,39.65,3296,625
2015100623:25:06 24.96,39.72,3296,625
2015100623:25:08 24.97,39.85,3291,629
2015100623:25:11 24.98,40.02,3300,629
2015100623:25:13 24.97,39.92,3300,629
2015100623:25:15 24.98,39.82,3296,629
2015100623:25:18 25.00,39.89,3291,629
2015100623:25:20 25.01,39.69,3306,629
2015100623:25:22 25.01,39.62,3295,629
2015100623:25:24 25.02,39.62,3296,629
2015100623:25:27 25.01,39.55,3296,629
2015100623:25:29 25.02,39.55,3295,629
2015100623:25:31 25.03,39.76,3291,629
2015100623:25:34 25.03,39.79,3296,629
2015100623:25:36 25.03,39.76,3295,629
2015100623:25:38 25.01,39.69,3300,629
2015100623:25:41 25.03,39.62,3296,629
2015100623:25:43 25.04,39.56,3300,629
2015100623:25:45 25.05,39.49,3300,629
2015100623:25:47 25.03,39.42,3296,629
2015100623:25:50 25.02,39.35,3296,629
2015100623:25:52 25.02,39.35,3296,629
2015100623:25:54 25.04,39.35,3296,629
2015100623:25:57 25.04,39.42,3296,629
2015100623:25:59 25.03,39.42,3291,629
2015100623:26:01 25.02,39.49,3296,629
2015100623:26:04 25.01,39.49,3296,629
2015100623:26:06 25.00,39.35,3296,629
2015100623:26:08 24.99,39.25,3295,625
2015100623:26:10 24.98,39.31,3296,625
2015100623:26:13 24.99,39.45,3310,625
2015100623:26:15 24.99,39.48,3295,625
2015100623:26:17 25.00,39.55,3296,625
2015100623:26:20 24.98,39.55,3295,625
2015100623:26:22 24.97,39.55,3296,625
2015100623:26:24 24.97,39.52,3296,629
2015100623:26:27 24.98,39.62,3296,625
2015100623:26:29 25.00,39.72,3300,625
2015100623:26:31 25.00,39.79,3306,629
2015100623:26:33 24.99,39.79,3291,629
2015100623:26:36 24.99,39.86,3295,629
2015100623:26:38 24.98,39.69,3291,625
2015100623:26:40 24.98,39.58,3296,625
2015100623:26:43 24.97,39.35,3296,625
2015100623:26:45 24.96,39.41,3295,629
2015100623:26:47 24.98,39.48,3296,625
2015100623:26:50 24.95,39.28,3296,629
2015100623:26:52 24.94,39.14,3300,629
2015100623:26:54 24.94,39.44,3296,625
2015100623:26:56 24.92,39.54,3295,625
2015100623:26:59 24.92,39.78,3300,625
2015100623:27:01 24.93,39.82,3300,625
2015100623:27:03 24.94,39.75,3296,625
2015100623:27:06 24.94,39.75,3295,625
2015100623:27:08 24.93,39.78,3296,625
2015100623:27:10 24.94,39.82,3296,629
2015100623:27:13 24.98,39.89,3295,625
2015100623:27:15 24.96,39.82,3296,625
2015100623:27:17 24.97,39.75,3291,625
2015100623:27:20 24.97,39.89,3296,625
2015100623:27:22 25.00,39.89,3296,625
2015100623:27:24 24.99,39.92,3300,625
2015100623:27:26 24.96,39.68,3295,625
2015100623:27:29 24.94,39.34,3295,625
2015100623:27:31 24.93,39.07,3296,625
2015100623:27:33 24.92,39.03,3295,625
2015100623:27:36 24.90,39.13,3291,625
2015100623:27:38 24.88,39.06,3295,622
2015100623:27:40 24.87,39.27,3296,622
2015100623:27:43 24.85,39.50,3300,622
2015100623:27:45 24.86,39.54,3296,622
2015100623:27:47 24.87,39.61,3295,625
2015100623:27:49 24.90,39.54,3291,612
2015100623:27:52 24.92,39.65,3295,612
2015100623:27:54 24.91,39.58,3291,612
2015100623:27:56 24.92,39.78,3296,618
2015100623:27:59 24.93,39.82,3291,612
2015100623:28:01 24.94,39.58,3296,612
2015100623:28:03 24.94,39.58,3291,612
2015100623:28:06 24.93,39.48,3295,612
2015100623:28:08 24.92,39.41,3291,618
2015100623:28:10 24.93,39.41,3296,618
2015100623:28:12 24.93,39.38,3295,618
2015100623:28:15 24.94,39.48,3296,612
2015100623:28:17 24.95,39.48,3296,618
2015100623:28:19 24.97,39.48,3295,618
2015100623:28:22 24.96,39.45,3300,618
2015100623:28:24 24.94,39.21,3295,618
2015100623:28:26 24.93,39.34,3295,612
2015100623:28:32 24.94,39.55,3296,612
2015100623:28:34 24.94,39.65,3295,612
2015100623:28:36 24.90,39.37,3296,608
2015100623:28:38 24.91,39.44,3300,608
2015100623:28:41 24.90,39.47,3296,612
2015100623:28:43 24.88,39.34,3296,608
2015100623:28:45 24.86,39.47,3296,612
2015100623:28:48 24.86,39.54,3296,608
2015100623:28:50 24.86,39.61,3296,612
2015100623:28:52 24.86,39.77,3295,608
2015100623:28:55 24.87,39.67,3291,612
2015100623:28:57 24.89,39.64,3295,612
2015100623:28:59 24.91,39.75,3295,608
2015100623:29:01 24.90,39.68,3281,608
2015100623:29:04 24.91,39.81,3300,608
2015100623:29:06 24.90,39.68,3296,608
2015100623:29:08 24.90,39.54,3300,608
2015100623:29:11 24.89,39.54,3295,608
2015100623:29:13 24.90,39.51,3295,608
2015100623:29:15 24.91,39.61,3300,607
2015100623:29:18 24.91,39.71,3291,607
2015100623:29:20 24.91,39.68,3296,607
2015100623:29:22 24.91,39.75,3296,607
2015100623:29:24 24.92,39.68,3295,607
2015100623:29:27 24.93,39.78,3306,607
2015100623:29:29 24.94,39.95,3296,607
2015100623:29:31 24.95,40.02,3295,607
2015100623:29:34 24.94,39.92,3291,607
