2015100623:22:02 25.00,39.55,3285,654
2015100623:22:05 25.06,39.49,3295,650
2015100623:22:07 25.06,39.52,3296,654
2015100623:22:09 25.02,39.35,3296,650
2015100623:22:12 25.01,39.28,3285,650
2015100623:22:14 25.02,39.49,3296,650
2015100623:22:28 24.97,39.68,3285,650
2015100623:22:30 24.97,39.79,3295,654
2015100623:22:32 24.98,39.86,3296,654
2015100623:22:35 24.96,39.82,3300,654
2015100623:22:37 24.95,39.82,3328,881
2015100623:22:39 24.98,39.96,3328,644
2015100623:22:42 24.99,40.06,3296,676
2015100623:22:44 25.00,40.23,3300,671
2015100623:22:46 25.04,40.13,3300,671
2015100623:22:48 25.10,40.00,3296,644
2015100623:22:51 25.13,39.77,3295,644
2015100623:22:53 25.14,39.77,3291,644
2015100623:22:55 25.16,39.64,3291,644
2015100623:22:58 25.14,39.46,3285,644
2015100623:23:00 25.08,39.12,3296,640
2015100623:23:02 25.06,38.95,3295,640
2015100623:23:05 25.06,39.15,3295,640
2015100623:23:07 25.06,39.46,3295,640
2015100623:23:09 25.06,39.59,3296,640
2015100623:23:11 25.06,39.69,3300,639
2015100623:23:14 25.03,39.69,3295,639
2015100623:23:16 25.03,39.69,3296,639
2015100623:23:18 25.07,39.63,3296,639
2015100623:23:21 25.12,39.56,3310,639
2015100623:23:23 25.12,39.56,3306,635
2015100623:23:25 25.13,39.57,3295,635
2015100623:23:28 25.14,39.50,3296,635
2015100623:23:30 25.14,39.40,3296,635
2015100623:23:32 25.15,39.19,3296,635
2015100623:23:34 25.18,39.16,3296,635
2015100623:23:37 25.18,39.13,3300,635
2015100623:23:39 25.18,39.23,3291,629
2015100623:23:41 25.18,39.16,3295,629
2015100623:23:44 25.17,39.09,3300,635
2015100623:23:46 25.16,39.19,3296,629
2015100623:23:48 25.15,39.09,3296,629
2015100623:23:51 25.12,38.88,3300,629
2015100623:23:53 25.09,38.95,3296,625
2015100623:23:55 25.07,39.29,3295,625
2015100623:23:57 25.06,39.49,3295,625
2015100623:24:00 25.06,39.63,3295,629
2015100623:24:02 25.06,39.66,3296,629
2015100623:24:04 25.09,39.49,3296,629
2015100623:24:07 25.09,39.36,3295,629
2015100623:24:09 25.11,39.39,3296,625
2015100623:24:11 25.12,39.56,3296,629
2015100623:24:14 25.12,39.56,3291,625
2015100623:24:16 25.11,39.46,3291,629
2015100623:24:18 25.10,39.29,3296,629
2015100623:24:20 25.09,39.26,3291,629
2015100623:24:23 25.07,39.19,3295,629
2015100623:24:25 25.06,39.01,3295,629
2015100623:24:27 25.08,39.08,3296,629
2015100623:24:30 25.07,39.15,3296,629
2015100623:24:32 25.05,39.29,3291,629
2015100623:24:34 25.04,39.32,3291,629
2015100623:24:41 24.99,39.35,3296,629
2015100623:24:43 24.95,39.34,3296,629
2015100623:24:45 24.93,39.34,3306,629
2015100623:24:48 24.91,39.27,3300,629
2015100623:24:50 24.91,39.20,3295,625
2015100623:24:52 24.92,39.14,3300,625
2015100623:24:55 24.93,39.54,3296,622
2015100623:24:57 24.92,39.61,3296,625
2015100623:24:59 24.90,39.58,3296,625
2015100623:25:01 24.93,39.54,3296,625
2015100623:25:04 24.94,39.65,3296,625
2015100623:25:06 24.96,39.72,3296,625
2015100623:25:08 24.97,39.85,3291,629
2015100623:25:11 24.98,40.02,3300,629
2015100623:25:13 24.97,39.92,3300,629
2015100623:25:15 24.98,39.82,3296,629
2015100623:25:18 25.00,39.89,3291,629
2015100623:25:20 25.01,39.69,3306,629
2015100623:25:22 25.01,39.62,3295,629
2015100623:25:24 25.02,39.62,3296,629
2015100623:25:27 25.01,39.55,3296,629
2015100623:25:29 25.02,39.55,3295,629
2015100623:25:31 25.03,39.76,3291,629
2015100623:25:34 25.03,39.79,3296,629
2015100623:25:36 25.03,39.76,3295,629
2015100623:25:38 25.01,39.69,3300,629
2015100623:25:41 25.03,39.62,3296,629
2015100623:25:43 25.04,39.56,3300,629
2015100623:25:45 25.05,39.49,3300,629
2015100623:25:47 25.03,39.42,3296,629
2015100623:25:50 25.02,39.35,3296,629
2015100623:25:52 25.02,39.35,3296,629
2015100623:25:54 25.04,39.35,3296,629
2015100623:25:57 25.04,39.42,3296,629
2015100623:25:59 25.03,39.42,3291,629
2015100623:26:01 25.02,39.49,3296,629
2015100623:26:04 25.01,39.49,3296,629
2015100623:26:06 25.00,39.35,3296,629
2015100623:26:08 24.99,39.25,3295,625
2015100623:26:10 24.98,39.31,3296,625
2015100623:26:13 24.99,39.45,3310,625
2015100623:26:15 24.99,39.48,3295,625
2015100623:26:17 25.00,39.55,3296,625
2015100623:26:20 24.98,39.55,3295,625
2015100623:26:22 24.97,39.55,3296,625
2015100623:26:24 24.97,39.52,3296,629
2015100623:26:27 24.98,39.62,3296,625
2015100623:26:29 25.00,39.72,3300,625
2015100623:26:31 25.00,39.79,3306,629
2015100623:26:33 24.99,39.79,3291,629
2015100623:26:36 24.99,39.86,3295,629
2015100623:26:38 24.98,39.69,3291,625
2015100623:26:40 24.98,39.58,3296,625
2015100623:26:43 24.97,39.35,3296,625
2015100623:26:45 24.96,39.41,3295,629
2015100623:26:47 24.98,39.48,3296,625
2015100623:26:50 24.95,39.28,3296,629
2015100623:26:52 24.94,39.14,3300,629
2015100623:26:54 24.94,39.44,3296,625
2015100623:26:56 24.92,39.54,3295,625
2015100623:26:59 24.92,39.78,3300,625
2015100623:27:01 24.93,39.82,3300,625
2015100623:27:03 24.94,39.75,3296,625
2015100623:27:06 24.94,39.75,3295,625
2015100623:27:08 24.93,39.78,3296,625
2015100623:27:10 24.94,39.82,3296,629
2015100623:27:13 24.98,39.89,3295,625
2015100623:27:15 24.96,39.82,3296,625
2015100623:27:17 24.97,39.75,3291,625
2015100623:27:20 24.97,39.89,3296,625
2015100623:27:22 25.00,39.89,3296,625
2015100623:27:24 24.99,39.92,3300,625
2015100623:27:26 24.96,39.68,3295,625
2015100623:27:29 24.94,39.34,3295,625
2015100623:27:31 24.93,39.07,3296,625
2015100623:27:33 24.92,39.03,3295,625
2015100623:27:36 24.90,39.13,3291,625
2015100623:27:38 24.88,39.06,3295,622
2015100623:27:40 24.87,39.27,3296,622
2015100623:27:43 24.85,39.50,3300,622
2015100623:27:45 24.86,39.54,3296,622
2015100623:27:47 24.87,39.61,3295,625
2015100623:27:49 24.90,39.54,3291,612
2015100623:27:52 24.92,39.65,3295,612
2015100623:27:54 24.91,39.58,3291,612
2015100623:27:56 24.92,39.78,3296,618
2015100623:27:59 24.93,39.82,3291,612
2015100623:28:01 24.94,39.58,3296,612
2015100623:28:03 24.94,39.58,3291,612
2015100623:28:06 24.93,39.48,3295,612
2015100623:28:08 24.92,39.41,3291,618
2015100623:28:10 24.93,39.41,3296,618
2015100623:28:12 24.93,39.38,3295,618
2015100623:28:15 24.94,39.48,3296,612
2015100623:28:17 24.95,39.48,3296,618
2015100623:28:19 24.97,39.48,3295,618
2015100623:28:22 24.96,39.45,3300,618
2015100623:28:24 24.94,39.21,3295,618
2015100623:28:26 24.93,39.34,3295,612
2015100623:28:32 24.94,39.55,3296,612
2015100623:28:34 24.94,39.65,3295,612
2015100623:28:36 24.90,39.37,3296,608
2015100623:28:38 24.91,39.44,3300,608
2015100623:28:41 24.90,39.47,3296,612
2015100623:28:43 24.88,39.34,3296,608
2015100623:28:45 24.86,39.47,3296,612
2015100623:28:48 24.86,39.54,3296,608
2015100623:28:50 24.86,39.61,3296,612
2015100623:28:52 24.86,39.77,3295,608
2015100623:28:55 24.87,39.67,3291,612
2015100623:28:57 24.89,39.64,3295,612
2015100623:28:59 24.91,39.75,3295,608
2015100623:29:01 24.90,39.68,3281,608
2015100623:29:04 24.91,39.81,3300,608
2015100623:29:06 24.90,39.68,3296,608
2015100623:29:08 24.90,39.54,3300,608
2015100623:29:11 24.89,39.54,3295,608
2015100623:29:13 24.90,39.51,3295,608
2015100623:29:15 24.91,39.61,3300,607
2015100623:29:18 24.91,39.71,3291,607
2015100623:29:20 24.91,39.68,3296,607
2015100623:29:22 24.91,39.75,3296,607
2015100623:29:24 24.92,39.68,3295,607
2015100623:29:27 24.93,39.78,3306,607
2015100623:29:29 24.94,39.95,3296,607
2015100623:29:31 24.95,40.02,3295,607
2015100623:29:34 24.94,39.92,3291,607
2015100623:29:36 24.96,39.75,3295,607
2015100623:29:38 24.97,39.62,3295,607
2015100623:29:41 24.98,39.55,3291,607
2015100623:29:43 24.94,39.27,3296,608
2015100623:29:49 24.86,38.93,3295,608
2015100623:29:51 24.83,38.96,3295,608
2015100623:29:54 24.83,39.26,3295,608
2015100623:29:56 24.84,39.54,3295,608
2015100623:29:58 24.84,39.60,3296,608
2015100623:30:01 24.85,39.81,3296,608
2015100623:30:03 24.84,39.67,3300,608
2015100623:30:05 24.84,39.87,3300,608
2015100623:30:08 24.84,39.77,3291,607
2015100623:30:10 24.86,39.67,3291,608
2015100623:30:12 24.86,39.50,3291,608
2015100623:30:14 24.86,39.50,3296,607
2015100623:30:55 24.89,39.27,3296,608
2015100623:30:57 24.90,39.54,3296,607
2015100623:31:00 24.91,39.61,3295,607
2015100623:31:02 24.90,39.54,3295,607
2015100623:31:04 24.90,39.54,3300,607
2015100623:31:07 24.92,39.61,3295,607
2015100623:31:09 24.92,39.61,3295,607
2015100623:31:11 24.92,39.48,3296,607
2015100623:31:14 24.91,39.41,3291,607
2015100623:31:16 24.91,39.81,3295,607
2015100623:31:18 24.93,39.88,3296,607
2015100623:31:20 24.93,39.92,3296,603
2015100623:31:58 24.98,39.28,3295,608
2015100623:32:00 24.94,39.34,3306,608
2015100623:32:02 24.93,39.34,3291,608
2015100623:32:05 24.96,39.38,3296,608
2015100623:32:07 24.96,39.48,3296,608
2015100623:32:09 24.97,39.62,3296,608
2015100623:32:12 24.96,39.41,3296,607
2015100623:32:14 24.94,39.38,3300,607
2015100623:32:16 24.95,39.48,3296,607
2015100623:32:19 24.96,39.34,3296,607
2015100623:32:21 24.94,39.34,3296,607
2015100623:32:23 24.92,39.17,3295,607
2015100623:32:26 24.90,39.13,3296,607
2015100623:32:28 24.86,39.06,3296,607
2015100623:32:30 24.86,39.13,3295,607
2015100623:32:32 24.84,39.26,3296,607
2015100623:32:35 24.82,39.13,3296,607
2015100623:32:37 24.82,39.26,3296,603
2015100623:32:40 24.80,39.53,3296,607
2015100623:32:42 24.80,39.60,3295,607
2015100623:32:44 24.83,39.84,3296,607
2015100623:32:47 24.83,39.94,3296,603
2015100623:32:49 24.82,39.94,3295,607
2015100623:34:15 25.00,39.48,3291,607
2015100623:34:17 24.95,39.21,3296,607
2015100623:34:19 24.95,39.21,3296,607
2015100623:34:22 24.96,39.24,3296,607
2015100623:34:24 24.95,39.48,3300,607
2015100623:34:26 24.96,39.45,3296,607
2015100623:34:29 24.93,39.27,3291,607
2015100623:34:31 24.92,39.20,3296,607
2015100623:34:33 24.90,39.34,3296,607
2015100623:34:36 24.90,39.30,3306,603
2015100623:34:38 24.91,39.20,3296,603
2015100623:34:40 24.90,39.13,3291,603
2015100623:34:43 24.90,39.03,3295,603
2015100623:34:45 24.90,39.00,3296,603
2015100623:34:47 24.92,39.14,3296,603
2015100623:34:49 24.93,39.31,3306,603
2015100623:34:52 24.94,39.27,3291,603
2015100623:34:54 24.94,39.55,3295,603
2015100623:34:56 24.98,39.75,3296,607
2015100623:34:59 24.98,39.69,3296,603
2015100623:35:01 24.95,39.31,3296,607
2015100623:35:03 24.94,39.34,3296,603
2015100623:35:06 24.96,39.58,3295,603
2015100623:35:08 24.97,39.79,3296,603
2015100623:35:10 24.98,39.69,3300,603
2015100623:35:12 25.00,39.69,3291,603
2015100623:35:15 25.01,39.72,3300,603
2015100623:35:17 25.01,39.62,3296,603
2015100623:35:19 25.06,39.59,3296,607
2015100623:35:22 25.08,39.59,3296,607
2015100623:35:24 25.09,39.63,3291,603
2015100623:35:26 25.10,39.56,3296,607
2015100623:35:32 25.14,39.50,3296,603
2015100623:35:34 25.08,39.49,3291,603
2015100623:35:37 25.05,39.25,3296,603
2015100623:35:39 25.00,38.91,3296,603
2015100623:35:41 24.96,38.73,3295,597
2015100623:35:44 24.94,38.80,3295,597
2015100623:35:46 24.92,38.86,3295,597
2015100623:35:48 24.92,39.00,3296,603
2015100623:38:32 24.92,39.27,3296,603
2015100623:38:34 24.89,39.64,3296,603
2015100623:38:36 24.92,39.88,3285,603
2015100623:38:39 24.94,39.78,3285,597
2015100623:38:41 24.93,39.68,3296,603
2015100623:38:43 24.92,39.37,3295,603
2015100623:38:46 24.90,39.47,3296,603
2015100623:38:48 24.90,39.58,3296,597
2015100623:38:50 24.89,39.54,3291,597
2015100623:38:53 24.86,39.33,3295,597
2015100623:38:55 24.82,39.26,3296,597
2015100623:38:57 24.81,39.26,3296,603
2015100623:38:59 24.81,39.40,3296,603
2015100623:39:02 24.84,39.54,3296,603
2015100623:44:55 25.09,39.09,3295,597
2015100623:44:58 25.07,39.12,3300,597
2015100623:45:00 25.08,39.49,3285,597
2015100623:45:02 25.08,39.59,3295,597
2015100623:45:05 25.07,39.42,3296,597
2015100623:45:07 25.04,39.28,3306,597
2015100623:45:09 25.03,39.35,3295,597
2015100623:45:12 25.02,39.52,3296,603
2015100623:45:14 25.04,39.73,3296,603
2015100623:45:16 25.04,39.79,3295,603
2015100623:45:18 25.04,40.00,3296,597
2015100623:45:21 25.04,39.79,3300,597
2015100623:45:23 25.04,39.62,3285,597
2015100623:45:25 25.03,39.62,3296,597
2015100623:45:28 25.03,39.49,3285,597
2015100623:45:30 25.01,39.28,3296,597
2015100623:45:32 25.00,39.14,3296,597
2015100623:45:35 25.00,39.11,3296,597
2015100623:45:37 25.02,39.08,3296,597
2015100623:45:41 25.02,39.18,3295,597
2015100623:45:44 24.98,39.18,3296,597
2015100623:45:46 24.97,39.41,3296,597
2015100623:45:48 25.00,39.62,3296,597
2015100623:45:51 25.00,39.69,3300,597
2015100623:45:53 25.02,39.89,3296,597
2015100623:45:55 25.02,39.66,3296,597
2015100623:45:58 25.04,39.42,3296,597
2015100623:46:00 25.04,39.42,3285,597
2015100623:46:02 25.04,39.56,3296,597
2015100623:46:05 25.06,39.56,3295,597
2015100623:46:07 25.08,39.49,3296,597
2015100623:46:09 25.06,39.42,3306,597
2015100623:46:11 25.06,39.18,3295,597
2015100623:46:14 25.06,39.56,3296,597
2015100623:46:16 25.08,39.56,3295,597
2015100623:46:18 25.08,39.63,3296,597
2015100623:46:21 25.08,39.36,3295,597
2015100623:46:23 25.08,39.29,3296,597
2015100623:46:25 25.06,39.29,3295,597
2015100623:46:28 25.04,39.18,3296,597
2015100623:46:30 25.01,39.32,3300,597
2015100623:46:32 24.99,39.28,3300,597
2015100623:46:34 25.00,39.31,3296,597
2015100623:46:37 25.00,39.21,3296,597
2015100623:46:39 24.97,39.28,3291,597
2015100623:46:41 24.97,39.35,3295,597
2015100623:46:44 24.98,39.55,3291,593
2015100623:46:46 25.00,39.69,3296,593
2015100623:46:48 24.98,39.72,3295,597
2015100623:46:51 25.00,39.79,3296,597
2015100623:46:53 24.98,39.62,3296,597
2015100623:46:55 24.94,39.27,3296,593
2015100623:46:57 24.93,39.41,3296,593
2015100623:47:00 24.90,39.41,3300,593
2015100623:47:02 24.90,39.20,3296,597
2015100623:47:04 24.85,39.13,3296,597
2015100623:47:07 24.83,39.06,3296,593
2015100623:47:09 24.82,39.06,3291,593
2015100623:47:11 24.83,39.26,3291,593
2015100623:47:14 24.85,39.33,3296,593
2015100623:47:16 24.86,39.61,3295,593
2015100623:47:18 24.87,39.88,3296,593
2015100623:47:20 24.87,39.95,3295,593
2015100623:47:23 24.90,39.81,3296,593
2015100623:47:25 24.91,39.85,3296,597
2015100623:47:27 24.91,39.88,3296,597
2015100623:47:30 24.94,39.82,3296,597
2015100623:47:32 24.94,39.68,3296,597
2015100623:47:34 24.96,39.82,3296,597
2015100623:47:37 24.96,39.85,3295,597
2015100623:47:39 24.99,39.82,3295,597
2015100623:47:41 25.01,39.69,3296,603
2015100623:47:43 25.01,39.62,3300,603
2015100623:47:46 25.04,39.59,3306,603
2015100623:47:48 25.06,39.66,3296,597
2015100623:47:50 25.09,39.66,3296,603
2015100623:47:53 25.11,39.56,3291,603
2015100623:47:55 25.11,39.46,3296,603
2015100623:47:57 25.12,39.36,3296,603
2015100623:48:00 25.14,39.16,3296,597
2015100623:48:02 25.12,39.02,3296,597
2015100623:48:04 25.11,39.12,3295,597
2015100623:48:06 25.11,39.09,3296,597
2015100623:48:09 25.10,39.19,3285,597
2015100623:48:11 25.10,39.29,3281,597
2015100623:48:13 25.11,39.29,3296,597
2015100623:48:16 25.11,39.33,3296,597
2015100623:48:18 25.12,39.26,3296,597
2015100623:48:20 25.13,39.26,3300,597
2015100623:48:23 25.12,39.29,3295,597
2015100623:48:25 25.11,39.16,3300,597
2015100623:48:27 25.12,39.16,3296,597
2015100623:48:29 25.10,39.19,3296,597
2015100623:48:32 25.12,39.26,3295,597
2015100623:48:34 25.12,39.26,3296,597
2015100623:48:36 25.12,39.22,3295,597
2015100623:48:39 25.11,39.22,3295,597
2015100623:48:41 25.13,39.23,3300,597
2015100623:48:43 25.15,39.30,3295,593
2015100623:48:46 25.17,39.37,3295,597
2015100623:48:48 25.16,39.26,3300,593
2015100623:48:50 25.18,39.43,3296,597
2015100623:48:52 25.20,39.37,3295,593
2015100623:48:55 25.18,39.30,3295,593
2015100623:48:57 25.20,39.20,3296,597
2015100623:48:59 25.21,39.10,3296,597
2015100623:49:02 25.20,39.10,3296,597
2015100623:49:04 25.21,39.13,3296,597
2015100623:49:06 25.23,39.10,3291,593
2015100623:49:09 25.24,39.10,3296,593
2015100623:49:11 25.24,39.10,3295,593
2015100623:49:13 25.24,39.03,3300,597
2015100623:49:15 25.25,39.17,3291,597
2015100623:49:18 25.24,39.13,3300,597
2015100623:49:20 25.26,39.00,3300,597
2015100623:49:22 25.27,39.10,3285,597
2015100623:49:25 25.27,39.24,3296,597
2015100623:49:27 25.26,39.24,3295,597
2015100623:49:29 25.22,38.96,3295,597
2015100623:49:32 25.22,39.17,3300,597
2015100623:49:34 25.23,39.37,3296,597
2015100623:49:36 25.21,39.17,3296,597
2015100623:49:38 25.21,39.00,3295,597
2015100623:49:41 25.22,39.10,3296,597
2015100623:49:43 25.22,39.17,3296,597
2015100623:49:45 25.21,38.96,3300,597
2015100623:49:48 25.21,39.06,3300,593
2015100623:49:50 25.21,39.23,3296,593
2015100623:49:52 25.22,39.23,3296,593
2015100623:49:55 25.22,39.17,3285,593
2015100623:49:57 25.23,39.24,3291,597
2015100623:49:59 25.24,39.20,3296,597
2015100623:50:01 25.25,39.03,3296,597
2015100623:50:04 25.24,38.90,3296,597
2015100623:50:06 25.25,38.97,3296,597
2015100623:50:08 25.24,38.96,3296,597
2015100623:50:11 25.24,38.86,3291,597
2015100623:50:13 25.24,38.90,3295,597
2015100623:50:15 25.22,38.76,3295,597
2015100623:50:18 25.20,38.89,3296,597
2015100623:50:20 25.20,38.89,3296,597
2015100623:50:22 25.20,38.99,3300,597
2015100623:50:24 25.23,39.03,3291,597
2015100623:50:27 25.22,38.96,3296,597
2015100623:50:29 25.22,39.17,3296,597
2015100623:50:31 25.26,39.07,3296,593
2015100623:50:34 25.26,39.03,3295,597
2015100623:50:36 25.23,39.10,3295,593
2015100623:50:38 25.22,39.10,3296,597
2015100623:50:41 25.20,38.99,3295,597
2015100623:50:43 25.16,38.92,3296,593
2015100623:50:45 25.16,38.79,3300,593
2015100623:50:47 25.16,38.82,3300,593
2015100623:50:50 25.17,38.89,3300,593
2015100623:50:52 25.17,38.92,3296,593
2015100623:50:54 25.17,39.03,3296,593
2015100623:50:57 25.19,39.16,3296,593
2015100623:50:59 25.19,39.30,3296,593
2015100623:51:01 25.18,39.20,3296,593
2015100623:51:04 25.18,39.20,3296,593
2015100623:51:06 25.20,39.13,3296,593
2015100623:51:08 25.17,38.96,3295,593
2015100623:51:10 25.18,38.92,3296,593
2015100623:51:13 25.17,38.96,3296,593
2015100623:51:15 25.18,39.09,3296,597
2015100623:51:17 25.19,39.30,3285,597
2015100623:51:20 25.20,39.30,3295,597
2015100623:51:22 25.21,39.37,3296,593
2015100623:51:24 25.20,39.37,3296,597
2015100623:51:27 25.21,39.44,3300,593
2015100623:51:29 25.22,39.47,3296,593
2015100623:51:31 25.21,39.34,3295,593
2015100623:51:34 25.19,39.16,3295,593
2015100623:51:36 25.20,39.10,3296,593
2015100623:51:38 25.20,39.03,3296,597
2015100623:51:40 25.19,39.03,3300,593
2015100623:51:43 25.20,39.30,3296,593
2015100623:51:45 25.22,39.30,3296,593
2015100623:51:47 25.22,39.17,3296,593
2015100623:51:50 25.22,39.03,3296,593
2015100623:51:52 25.20,38.82,3296,597
2015100623:51:54 25.18,38.89,3296,597
2015100623:51:56 25.18,38.89,3296,593
2015100623:51:59 25.17,38.99,3295,593
2015100623:52:01 25.15,39.06,3296,593
2015100623:52:03 25.10,38.88,3296,593
2015100623:52:06 25.10,38.95,3296,597
2015100623:52:08 25.12,39.29,3295,593
2015100623:52:10 25.13,39.43,3306,597
2015100623:52:13 25.14,39.46,3296,593
2015100623:52:15 25.15,39.57,3295,593
2015100623:52:17 25.15,39.43,3296,593
2015100623:52:19 25.16,39.33,3291,593
2015100623:52:22 25.15,39.43,3285,593
2015100623:52:24 25.15,39.40,3295,593
2015100623:52:26 25.16,39.30,3295,593
2015100623:52:29 25.16,39.16,3291,593
2015100623:52:31 25.16,39.16,3285,593
2015100623:52:33 25.16,39.26,3291,593
2015100623:52:36 25.17,39.33,3296,593
2015100623:52:38 25.17,39.23,3300,593
2015100623:52:40 25.16,39.06,3296,593
2015100623:52:42 25.15,38.89,3295,593
2015100623:52:45 25.16,38.89,3296,593
2015100623:52:47 25.16,38.85,3295,593
2015100623:52:49 25.16,39.02,3295,593
2015100623:52:52 25.14,39.02,3300,593
2015100623:52:54 25.13,39.02,3300,593
2015100623:52:56 25.14,39.12,3296,593
2015100623:52:59 25.14,39.23,3296,593
2015100623:53:01 25.16,39.23,3285,593
2015100623:53:03 25.18,39.09,3296,593
2015100623:53:06 25.18,39.03,3296,593
2015100623:53:08 25.18,39.13,3296,593
2015100623:53:10 25.17,39.09,3296,593
2015100623:53:12 25.18,39.03,3296,593
2015100623:53:15 25.19,39.20,3300,593
2015100623:53:17 25.16,39.16,3296,593
2015100623:53:19 25.15,38.99,3296,593
2015100623:53:22 25.15,39.26,3295,593
2015100623:53:24 25.16,39.30,3296,593
2015100623:53:26 25.17,39.23,3291,593
2015100623:53:29 25.18,39.20,3295,593
2015100623:53:31 25.19,39.06,3291,593
2015100623:53:33 25.20,38.89,3300,593
2015100623:53:35 25.24,38.83,3291,593
2015100623:53:38 25.25,39.00,3291,593
2015100623:53:40 25.25,38.93,3291,593
2015100623:53:42 25.24,38.96,3285,590
2015100623:53:45 25.25,38.97,3291,590
2015100623:53:47 25.26,38.90,3296,593
2015100623:53:49 25.25,38.90,3295,590
2015100623:53:51 25.22,38.76,3296,593
2015100623:53:54 25.20,38.62,3296,593
2015100623:53:56 25.19,38.76,3300,593
2015100623:53:58 25.17,38.82,3300,593
2015100623:54:01 25.18,38.96,3296,593
2015100623:54:03 25.21,38.96,3296,593
2015100623:54:05 25.21,39.10,3296,593
2015100623:54:08 25.21,39.13,3296,593
2015100623:54:10 25.22,39.03,3296,593
2015100623:54:12 25.21,38.96,3296,593
2015100623:54:14 25.22,38.96,3296,597
2015100623:54:17 25.21,39.03,3300,597
2015100623:54:19 25.20,39.27,3296,597
2015100623:54:21 25.17,39.16,3296,597
2015100623:54:24 25.15,38.96,3296,597
2015100623:54:26 25.16,39.23,3296,597
2015100623:54:28 25.14,39.26,3296,597
2015100623:54:31 25.14,39.23,3296,597
2015100623:54:33 25.12,39.26,3296,597
2015100623:54:35 25.09,38.98,3295,597
2015100623:54:37 25.08,38.98,3291,597
2015100623:54:40 25.06,38.98,3296,597
2015100623:54:42 25.07,39.15,3296,597
2015100623:54:44 25.07,39.15,3296,593
2015100623:54:47 25.08,39.15,3300,593
2015100623:54:49 25.11,39.46,3295,593
2015100623:54:51 25.12,39.43,3300,593
2015100623:54:54 25.13,39.53,3296,593
2015100623:54:56 25.13,39.50,3296,593
2015100623:54:58 25.16,39.43,3300,593
2015100623:55:00 25.15,39.47,3296,593
2015100623:55:03 25.12,39.33,3300,593
2015100623:55:05 25.11,39.29,3296,593
2015100623:55:07 25.13,39.50,3296,593
2015100623:55:10 25.09,39.19,3295,593
2015100623:55:12 25.04,38.88,3296,597
2015100623:55:14 25.00,38.74,3291,593
2015100623:55:17 24.97,38.77,3295,597
2015100623:55:19 25.00,38.80,3295,597
2015100623:55:21 25.02,39.01,3300,597
2015100623:55:24 25.01,39.21,3291,597
2015100623:55:26 24.98,39.18,3291,597
2015100623:55:28 24.98,39.21,3291,597
2015100623:55:30 24.99,39.45,3296,597
2015100623:55:33 25.00,39.69,3295,597
2015100623:55:35 25.02,39.62,3291,593
2015100623:55:37 25.03,39.56,3295,593
2015100623:55:40 25.01,39.42,3291,597
2015100623:55:42 25.02,39.69,3295,597
2015100623:55:44 25.06,39.59,3291,597
2015100623:55:47 25.10,39.46,3296,593
2015100623:55:49 25.12,39.36,3291,597
2015100623:55:51 25.12,39.19,3296,593
2015100623:55:53 25.11,39.09,3296,593
2015100623:55:56 25.10,38.95,3296,593
2015100623:55:58 25.09,39.09,3300,593
2015100623:56:00 25.06,39.08,3300,593
2015100623:56:03 25.07,39.19,3296,593
2015100623:56:05 25.06,39.22,3296,593
2015100623:56:07 25.08,39.15,3300,593
2015100623:56:10 25.08,39.15,3285,593
2015100623:56:12 25.07,39.15,3295,593
2015100623:56:14 25.09,39.15,3291,593
2015100623:56:16 25.10,39.19,3296,593
2015100623:56:19 25.10,39.12,3291,593
2015100623:56:21 25.11,39.09,3296,593
2015100623:56:23 25.12,39.16,3306,590
2015100623:56:26 25.14,39.06,3291,593
2015100623:56:28 25.14,39.02,3295,593
2015100623:56:30 25.13,38.95,3291,590
2015100623:56:32 25.14,39.16,3296,593
2015100623:56:35 25.14,39.23,3296,593
2015100623:56:37 25.14,39.36,3296,593
2015100623:56:39 25.14,39.43,3296,593
2015100623:56:42 25.12,39.50,3291,593
2015100623:56:44 25.14,39.36,3296,593
2015100623:56:46 25.14,39.23,3300,593
2015100623:56:49 25.16,39.13,3296,593
2015100623:56:51 25.15,39.33,3296,593
2015100623:56:53 25.14,39.29,3300,590
2015100623:56:55 25.13,39.23,3295,590
2015100623:56:58 25.15,39.30,3295,590
2015100623:57:00 25.14,39.50,3295,590
2015100623:57:02 25.12,39.29,3285,590
2015100623:57:05 25.08,39.08,3295,590
2015100623:57:07 25.08,39.05,3295,590
2015100623:57:09 25.07,39.02,3296,593
2015100623:57:12 25.04,38.91,3295,590
2015100623:57:14 25.04,38.94,3295,593
2015100623:57:16 25.02,38.94,3296,593
2015100623:57:18 25.02,38.87,3296,593
2015100623:57:21 25.00,38.80,3295,593
2015100623:57:23 25.01,38.84,3300,593
2015100623:57:25 25.02,39.04,3295,593
2015100623:57:28 25.04,39.15,3296,593
2015100623:57:30 25.03,39.32,3296,593
2015100623:57:32 25.05,39.46,3291,597
2015100623:57:35 25.06,39.66,3295,597
2015100623:57:37 25.06,39.63,3296,597
2015100623:57:39 25.05,39.29,3295,593
2015100623:57:41 25.06,39.35,3295,597
2015100623:57:44 25.08,39.63,3291,593
2015100623:57:46 25.10,39.70,3296,593
2015100623:57:48 25.10,39.56,3296,597
2015100623:57:51 25.11,39.33,3295,593
2015100623:57:53 25.10,39.26,3296,593
2015100623:57:55 25.09,39.15,3296,593
2015100623:57:58 25.10,39.22,3295,593
2015100623:58:00 25.11,39.29,3295,593
2015100623:58:02 25.11,39.33,3296,593
2015100623:58:04 25.14,39.43,3295,590
2015100623:58:07 25.14,39.57,3295,593
2015100623:58:09 25.15,39.43,3295,593
2015100623:58:11 25.15,39.30,3306,593
2015100623:58:14 25.16,39.23,3296,593
2015100623:58:16 25.17,39.47,3296,593
2015100623:58:18 25.18,39.71,3296,593
2015100623:58:21 25.15,39.30,3296,593
2015100623:58:23 25.13,39.02,3295,593
2015100623:58:25 25.12,39.02,3296,593
2015100623:58:27 25.11,39.22,3296,593
2015100623:58:30 25.09,39.09,3295,597
2015100623:58:32 25.05,38.88,3300,597
2015100623:58:34 25.03,38.88,3295,597
2015100623:58:37 25.03,39.08,3291,597
2015100623:58:39 25.03,39.22,3295,597
2015100623:58:41 25.04,39.35,3295,597
2015100623:58:44 25.02,39.28,3291,597
2015100623:58:46 25.01,39.35,3285,597
2015100623:58:48 24.98,39.28,3291,597
2015100623:58:50 24.97,39.14,3296,593
2015100623:58:53 24.97,39.28,3300,593
2015100623:58:55 24.98,39.55,3296,593
2015100623:58:57 24.98,39.62,3296,593
2015100623:59:00 25.00,39.59,3296,593
2015100623:59:02 25.02,39.69,3300,593
2015100623:59:04 25.02,39.62,3306,593
2015100623:59:07 25.03,39.69,3296,593
2015100623:59:09 25.03,39.69,3296,593
2015100623:59:11 25.02,39.55,3291,593
2015100623:59:13 25.02,39.38,3296,593
2015100623:59:16 25.04,39.69,3295,593
2015100623:59:18 25.05,39.63,3295,593
2015100623:59:20 25.02,39.21,3296,593
2015100623:59:23 25.01,39.21,3296,593
2015100623:59:25 25.03,39.28,3295,593
2015100623:59:27 25.02,39.49,3296,593
2015100623:59:30 25.01,39.21,3296,593
2015100623:59:32 25.03,39.22,3295,593
2015100623:59:34 25.03,39.18,3296,597
2015100623:59:36 25.04,39.15,3296,597
2015100623:59:39 25.06,39.35,3296,597
2015100623:59:41 25.06,39.29,3296,597
2015100623:59:43 25.07,39.25,3295,597
2015100623:59:46 25.06,39.22,3291,597
2015100623:59:48 25.03,39.28,3295,597
2015100623:59:50 25.03,39.28,3291,597
2015100623:59:53 25.04,39.28,3295,597
2015100623:59:55 25.02,39.28,3296,593
2015100623:59:57 25.00,39.21,3295,597
2015100623:59:59 24.98,39.14,3295,597
